-1.715	37.655
-1.715	37.660
-1.715	37.665
-1.715	37.670
-1.715	37.675
-1.715	37.680
-1.715	37.685
-1.715	37.690
-1.715	37.695
-1.710	37.655
-1.710	37.660
-1.710	37.665
-1.710	37.670
-1.710	37.675
-1.710	37.680
-1.710	37.685
-1.710	37.690
-1.710	37.695
-1.705	37.655
-1.705	37.660
-1.705	37.665
-1.705	37.670
-1.705	37.675
-1.705	37.680
-1.705	37.685
-1.705	37.690
-1.705	37.695
-1.700	37.655
-1.700	37.660
-1.700	37.665
-1.700	37.670
-1.700	37.675
-1.700	37.680
-1.700	37.685
-1.700	37.690
-1.700	37.695
-1.695	37.655
-1.695	37.660
-1.695	37.665
-1.695	37.670
-1.695	37.675
-1.695	37.680
-1.695	37.685
-1.695	37.690
-1.695	37.695
-1.690	37.655
-1.690	37.660
-1.690	37.665
-1.690	37.670
-1.690	37.675
-1.690	37.680
-1.690	37.685
-1.690	37.690
-1.690	37.695
-1.685	37.655
-1.685	37.660
-1.685	37.665
-1.685	37.670
-1.685	37.675
-1.685	37.680
-1.685	37.685
-1.685	37.690
-1.685	37.695
-1.680	37.655
-1.680	37.660
-1.680	37.665
-1.680	37.670
-1.680	37.675
-1.680	37.680
-1.680	37.685
-1.680	37.690
-1.680	37.695
-1.675	37.655
-1.675	37.660
-1.675	37.665
-1.675	37.670
-1.675	37.675
-1.675	37.680
-1.675	37.685
-1.675	37.690
-1.675	37.695
-1.420 37.770
-1.420 37.700
-1.450 37.600
-1.330 37.740
-1.300 37.650
-1.450 37.500
-1.700 37.550
-1.650 37.465
-1.330 37.830
-1.250 37.590
